1 2  1.0       0.0       0.0      1.00000
1 2 -1.0       0.0       0.0      1.00000
1 1  0.0       1.0       0.0      1.00000
1 1  0.0      -1.0       0.0      1.00000

2 1  1.0       0.0       0.0      1.00000
2 1 -1.0       0.0       0.0      1.00000
2 2  0.0       1.0       0.0      1.00000
2 2  0.0      -1.0       0.0      1.00000

3 4  1.0       0.0       0.0      -1.00000
3 4 -1.0       0.0       0.0      -1.00000
3 3  0.0       1.0       0.0       1.00000
3 3  0.0      -1.0       0.0       1.00000

4 3  1.0       0.0       0.0      -1.00000
4 3 -1.0       0.0       0.0      -1.00000
4 4  0.0       1.0       0.0       1.00000
4 4  0.0      -1.0       0.0       1.00000

5 6  1.0       0.0       0.0      -1.00000
5 6 -1.0       0.0       0.0      -1.00000
5 5  0.0       1.0       0.0       1.00000
5 5  0.0      -1.0       0.0       1.00000

6 5  1.0       0.0       0.0      -1.00000
6 5 -1.0       0.0       0.0      -1.00000
6 6  0.0       1.0       0.0       1.00000
6 6  0.0      -1.0       0.0       1.00000

7 8  1.0       0.0       0.0      -1.00000
7 8 -1.0       0.0       0.0      -1.00000
7 7  0.0       1.0       0.0       1.00000
7 7  0.0      -1.0       0.0       1.00000

8 7  1.0       0.0       0.0      -1.00000
8 7 -1.0       0.0       0.0      -1.00000
8 8  0.0       1.0       0.0       1.00000
8 8  0.0      -1.0       0.0       1.00000

1 3  0.0       0.0       1.0      0.02
3 1  0.0       0.0      -1.0      0.02
2 4  0.0       0.0       1.0     -0.02
4 2  0.0       0.0      -1.0     -0.02

3 5  0.0       0.0       1.0     -1.00000
5 3  0.0       0.0      -1.0     -1.00000
4 6  0.0       0.0       1.0     -1.00000
6 4  0.0       0.0      -1.0     -1.00000

5 7  0.0       0.0       1.0     -1.00000
7 5  0.0       0.0      -1.0     -1.00000
6 8  0.0       0.0       1.0     -1.00000
8 6  0.0       0.0      -1.0     -1.00000

